0.182824
0.196588
0.243257
0.107623
0.159789
0.228909
5.18172e-012
0.221566
0.00659766
0.201918
0.107506
0.0687092
0.112762
0.306017
0.156185
0.113721
0.122522
0.239829
0.164344
0.164962
0.0391697
0.149933
0.408639
0.117612
0.181214
0.290589
0.180194
0.239657
0.1906
0.119514
0.141113
0.20419
0.276058
0.108624
0.00371081
0.165789
0.221182
0.105328
0.140228
0.191215
0.0951129
0.144328
0.0313179
0.2227
0.241537
0.165951
0.145837
0.153352
0.241854
0.196937
0.214572
0.454464
2.36909e-014
0.0941161
0.30573
0.140667
0.20859
0.188834
0.0446865
0.198934
0.0680018
0.20466
0.169973
0.112507
0.237216
0.234214
0.0440042
0.13958
0.249355
0.180659
0.221526
0.217319
0.374957
0.174747
0.102059
0.312207
0.264734
0.00775696
0.188955
0.178827
0.458568
0.298851
0.106551
0.251058
0.17071
7.55793e-009
0.448248
0.164512
0.0535302
0.303575
0.161215
0.21554
0.177859
0.0977868
0.240324
0.237869
0.0732318
0.321253
0.139048
0.174248
0.25626
9.08907e-010
0.25214
0.0977284
0.17654
0.334639
0.248477
0.0965142
0.16476
0.0773906
0.246001
0.190387
0.0751649
0.155611
0.108638
0.142726
0.209143
0.122651
0.109678
0.499885
0.141673
0.000950044
0.144036
0.248659
0.237556
0.214159
0.167974
0.045466
0.139374
0.126484
0.109064
0.160232
0.345342
0.242049
0.184489
0.164106
0.213714
0.129604
0.146732
0.215639
0.269899
0.271832
0.0213088
0.276926
0.206634
0.176298
0.246195
0.436428
0.0933396
0.427741
0.256217
0.188955
0.0190155
0.106622
0.15888
0.185443
0.138098
0.129251
0.175011
0.201658
0.199226
0.24706
0.0760388
0.229127
0.182131
0.1871
0.155035
0.382451
0.26552
0.117007
0.131902
0.0195992
0.153635
0.117799
0.399742
0.202544
0.222216
0.0966231
0.04657
0.094662
0.210288
0.21611
0.240608
0.191442
0.224084
0.179814
3.28959e-006
0.126886
0.097362
0.191442
0.263501
0.114157
0.168086
0.139767
0.110004
0.278507
0.362336
0.173568
0.238319
0.249914
0.0261262
0.218508
0.0905359
0.165041
0.132778
0.494297
0.104989
0.0361288
0.0775614
0.148942
0.148628
0.162401
0.248139
0.228824
0.11678
0.297027
0.170325
0.0357
0.273033
0.10964
0.10023
0.118367
0.042921
0.483823
0.269632
0.242971
0.132583
8.01763e-009
0.0855829
0.553371
0.150465
0.156096
0.0618965
0.191442
0.166346
0.203634
0.412043
0.225859
0.158467
0.178748
0.150027
0.00901805
0.171368
0.246862
0.252776
0.191478
0.140469
0.181201
0.24474
0.0707191
0.155682
0.210547
0.172463
0.218468
0.00863494
0.307412
0.641635
0.202015
0.226089
0.250604
0.188036
0.16961
0.25299
0.263866
0.36105
0.118224
0.250386
0.0520201
0.283518
0.192186
0.177238
0.211222
0.247368
0.0780752
0.146381
0.188354
0.162019
0.349968
0.198977
0.180342
0.37177
0.247677
0.217337
0.127021
0.149189
0.223138
0.191442
0.220859
0.504461
0.0324858
0.427151
0.176717
0.216385
0.211912
0.122373
0.134736
0.141635
0.226859
0.290484
0.282909
0.185546
0.162367
0.4474
0.257877
0.0909693
0.142993
0.245832
0.151497
0.123975
0.21733
0.191442
0.254041
