0.119365
0.167074
0.0941103
0.0943451
0.0657184
0.353375
0.0926
0.32966
0.00737742
0.228945
0.152685
0.234851
0.294858
0.158273
0.631963
0.591276
0.14912
0.201299
0.185709
0.141074
0.0453733
0.0637089
0.142815
0.0588059
0.10713
0.131533
0.274786
0.192125
0.201435
0.393272
0.110557
0.201401
0.143607
0.329095
0.00371904
0.0592509
0.222302
0.348343
0.14908
0.337226
0.0529338
0.430704
0.0202535
0.1327
0.154001
0.239729
0.129666
0.123007
0.138587
0.201877
0.138351
0.19731
1.21109e-014
0.154289
0.14113
0.0477122
0.292335
0.12611
0.328628
0.1347
0.0648462
0.164063
0.0902198
0.343479
0.146154
0.163742
0.0144288
0.118966
0.183974
0.139304
0.153924
0.140849
0.207021
0.33095
0.340721
0.226597
0.153221
0.00709688
0.14143
0.198393
0.161662
0.219429
0.132
0.160514
0.390194
0.6667
0.275151
0.0783928
0.0264658
0.14101
0.0879979
0.252902
0.189
0.360389
0.468454
0.138348
0.0548059
0.138983
0.164473
0.0976384
0.203725
2.33713e-009
0.340064
0.338789
0.271786
0.199053
0.376182
0.13567
0.133679
0.103643
0.187826
0.241978
0.0518494
0.187127
0.550628
0.0761269
0.200977
0.161731
0.0927528
0.39523
0.133711
0.00100387
0.117399
0.217234
0.203369
0.143253
0.187761
0.319799
0.236329
0.09597
0.076623
0.130006
0.215902
0.2148
0.425934
0.0953469
0.165006
0.142418
0.346425
0.18377
0.000309081
0.128003
0.0637986
0.154674
0.197606
0.0933821
0.291594
0.292562
0.0342128
0.194876
0.324419
0.14143
0.361892
0.0953182
0.121311
0.119473
0.208563
0.122989
0.14705
0.223647
0.195323
0.178187
0.054575
0.225777
0.352908
0.220929
0.163384
0.0976829
0.253537
0.148669
0.514394
0.0254404
0.657298
0.164612
0.25607
0.113344
0.2265
0.205527
0.0392203
0.293448
0.326464
0.111233
0.168562
0.157176
0.0904019
0.102716
2.67421e-006
0.193075
0.0830488
0.157176
0.461639
0.116726
0.129734
0.199908
0.156767
0.160619
0.192316
0.423241
0.181278
0.283316
0.0234922
0.232628
0.135296
0.14697
0.118582
0.141254
0.357692
0.0593963
0.290752
0.131551
0.421754
0.405035
0.370636
0.151974
0.110348
0.0385982
0.15488
1.4033e-009
0.226284
0.0542701
0.115209
0.225624
0.119681
0.166129
0.543665
0.185154
0.16039
0.6667
0.135762
0.0310231
0.236683
0.158767
0.511111
0.157176
0.137103
0.203427
0.285147
0.15373
0.0853574
0.2545
0.128842
0.00835601
0.160028
0.198348
0.107783
0.11986
0.11252
0.149623
0.186834
0.147021
0.0569967
0.0610312
0.0898195
0.165864
0.0211013
0.236325
0.111455
0.212424
0.200734
0.125667
0.0730016
0.141269
0.0494787
0.133465
1.46301e-005
0.149062
0.191521
0.0488247
0.142795
0.415064
0.166487
0.175014
0.335233
0.291253
0.48958
0.229655
0.137773
0.245687
0.341658
0.219435
0.229281
0.147967
0.129739
0.112878
0.0731706
0.19304
0.157176
0.18823
0.305701
0.0425319
0.251369
0.114089
0.175796
0.145161
0.104654
0.155921
0.25705
0.548061
0.0422749
0.240929
0.17246
0.201931
3.74012e-008
0.187315
0.0390774
0.229937
0.300027
0.0869039
0.665903
0.176945
0.157176
0.180843
