0.111195
0.104419
0.0219788
0.0727656
0.0584695
0.0856492
9.65656e-013
0.0168662
0.141567
0.107636
0.0296527
0.0172819
0.0836685
0.0184441
0.055815
0.0734044
0.0638066
0.0334307
0.0302463
0.0415989
0.0119815
0.0435272
0.0117456
1.36194e-014
0.0518867
0.0471508
0.0453092
0.0542609
0.0547172
0.0137678
0.0376806
0.066084
0.0400572
0.0325877
0.00114575
0.0147709
0.0259042
0.0828978
0.0947043
0.217743
0.0277054
0.0293028
0.00549608
0.2749
0.0485275
0.0317762
0.131363
0.0450662
0.0931721
0.0673443
0.0362974
0.00125518
0.188219
0.0195702
0.0402566
0.0881167
0.0324297
0.043286
0.00331776
0.0624824
0.0408782
0.0257412
0.0519679
0.068245
0.068889
0.0186228
0.0353624
0.0333401
0.0608556
0.0456106
0.0498998
0.0558925
0.0397764
0.0511981
0.123957
0.0597311
0.041916
0.00193888
0.0534412
0.0403545
0.0177757
0.0524795
0.0269877
0.0512701
0.0854
1.0974e-009
0.0635587
0.0329583
0.00229504
0.0438111
0.0473339
0.230453
0.0388136
0.0361452
0.0181924
0.058332
0.0172494
0.0460356
0.0884668
0.049174
0.0682392
1.0523e-010
0.0860133
0.0393742
0.0639939
0.0590501
0.0309636
0.0225294
0.0431004
0.0103239
0.0799776
0.126275
0.012336
0.0673805
0.187306
0.0135403
0.0479206
0.0553352
0.0500422
1.2681e-005
0.0358631
0.000381088
0.0410318
0.0414632
0.0969975
0.120984
0.0308856
0.0369719
0.0439801
0.0271039
0.031647
0.041916
0.061994
0.0844445
0.0113719
0.0495068
0.0589279
0.0267314
0.0554598
0.0423026
0.0541472
0.0294773
0.0212987
0.0218959
0.0486512
0.0519571
0.0725766
0.0199773
0.000176894
0.0184848
0.0383007
0.0534412
0.00949794
0.0451462
0.0563895
0.0362822
0.020039
0.0337862
0.0311372
0.0388435
0.0545414
0.167663
0.148323
0.0904397
0.131007
0.108841
0.12757
0.0367985
0.0276596
0.013909
0.00982323
0.00566245
0.00747505
0.00714801
0.0250154
0.0421542
0.0571914
0.0396649
0.0110498
0.0129605
0.0371434
0.0190215
0.0358675
0.0529492
0.0288493
0.0533331
7.6611e-007
0.05825
0.0155455
0.0529492
0.0185158
0.044517
0.0279006
0.0299455
0.0235074
0.0938542
0.0214392
0.0183859
0.0770451
0.136204
0.00994793
0.0170657
0.0126518
0.0502759
0.0334383
0.0164253
0.0260861
0.00957792
0.0143192
0.0352857
0.0253913
0.0383831
0.0287538
0.0771624
0.00845792
0.0110378
0.0561605
0.1786
0.0538264
0.0125765
0.0427368
0.0515473
0.000208275
0.0845223
0.0396065
0.0601427
0.0500406
9.58244e-010
0.0192344
3.26277e-005
0.0298014
0.0403723
0.01793
0.0529492
0.0268732
0.0644891
0.0172588
0.139879
0.0470183
0.0494502
0.0378821
0.00226163
0.0627379
0.0410432
0.226665
0.0384237
0.032924
0.0496877
0.0817751
0.0809737
0.0377225
0.00255362
0.0510046
0.0528312
0.00319785
0.103382
0.00262429
0.0981723
0.0889049
0.0285943
0.065692
0.0826882
0.0364104
0.0459005
1.6773e-005
0.060135
0.148708
0.197281
0.0427667
0.121023
0.0643965
0.0361294
0.0621888
0.0147551
0.155009
0.0912416
0.0311691
0.0279022
0.0242403
0.085403
0.0191546
0.0571257
0.122612
0.0599413
0.0473293
0.0877518
0.0529492
0.0380918
0.0030679
0.00449888
0.017891
0.0889508
0.045813
0.0383226
0.0278984
0.02698
0.157567
0.0104855
0.140958
0.0532174
0.0477242
0.0451052
0.0789
0.0841029
1.87324e-005
0.0496602
0.149826
0.0484961
0.0851917
0.0321892
0.0529492
0.0548783
