0.0616676
0.079992
0.0375927
0.0696433
0.0891195
0.0480415
2.446e-012
0.0727009
0.00537492
0.0781358
0.0861414
0.195211
0.152385
0.177753
0.10469
0.194015
0.0790192
0.0814442
0.0575454
0.055447
0.0247938
0.072453
0.0215347
0.117612
0.0795074
0.0596559
0.0854101
0.0919479
0.114134
0.0561401
0.0531464
0.0823424
0.0652955
0.121538
0.00152955
0.16102
0.0629453
0.111949
0.163295
0.185163
0.0436002
0.103798
0.00666965
0.218
0.0754414
0.0553689
0.0477751
0.071383
0.12127
0.117049
0.0936037
0.111929
8.84658e-015
0.0529684
0.0748763
0.074573
0.08773
0.0757684
0.00731215
0.0914094
0.056647
0.0487039
0.0673066
0.0766175
0.140702
0.083138
0.0113889
0.0566714
0.0938424
0.0794648
0.0566985
0.0727191
0.0728424
0.106641
0.222724
0.077079
0.069492
0.00331629
0.0908527
0.141352
0.0937563
0.0973245
0.0476935
0.0825234
0.0366015
3.03554e-009
0.13628
0.0350006
0.00310407
0.0900712
0.0731607
0.201733
0.0915532
0.0309828
0.0411067
0.0778965
0.0296859
0.0769053
0.0632279
0.0759562
0.078912
4.19321e-010
0.0522402
0.112114
0.114894
0.120404
0.0771955
0.0560391
0.0714556
0.0185017
0.0734152
0.106692
0.0231814
0.116043
0.152505
0.0473014
0.0881167
0.0833602
0.0997445
0.0465013
0.0817578
0.000496217
0.0572159
0.0727371
0.0486702
0.0702862
0.10046
0.0674808
0.120647
0.0658243
0.0618417
0.069492
0.246187
0.0922698
0.0402843
0.0749578
0.0880249
0.10098
0.119794
0.0714539
0.000216348
0.088295
4.20566e-006
0.0491014
0.0561957
0.0816683
0.0917116
0.0639472
0.000342254
0.0443569
0.062326
0.0908527
0.0286027
0.0454326
0.064325
0.0663745
0.0699987
0.0546465
0.060758
0.0677751
0.0755465
0.161165
0.163816
0.117486
0.161074
0.100369
0.22538
0.0787246
0.11682
0.0391834
0.12138
0.011337
0.0728753
0.020939
0.083982
0.0471984
0.0898884
0.1064
0.025987
0.021539
0.0649548
0.0912446
0.0787336
0.0865731
0.044952
0.0800256
1.34686e-006
0.0783393
0.0362365
0.0865731
0.0729173
0.108266
0.111698
0.0578645
0.0594273
0.0892297
0.0804094
0.0393952
0.0889171
0.21476
0.013872
0.0566226
0.0408705
0.061097
0.0554463
0.00739243
0.0364835
0.0241837
0.0478231
0.0842923
0.0835494
0.0886613
0.0457921
0.101188
0.0344858
0.0257896
0.120257
1.20138e-009
0.108854
0.0199381
0.0905079
0.0201425
0.000301264
0.136319
0.0345963
0.0969358
0.140215
3.11391e-009
0.0515416
0.00013201
0.0515799
0.0668684
0.0257089
0.0865731
0.0859456
0.0885073
0.0797428
0.0927737
0.0727005
0.155804
0.0871953
0.00484761
0.257844
0.0810364
0.21106
0.0678704
0.0563135
0.102137
0.0752856
0.0349003
0.207368
0.0226646
0.0770861
0.0699419
0.00699939
0.0863989
0.00808917
0.148921
0.0843702
0.0819275
0.0203885
0.108694
0.0991178
0.0580135
5.04489e-005
0.049759
0.181108
0.196384
0.0575587
0.1967
0.108196
0.060533
0.218506
0.0484386
0.0995188
0.136171
0.066038
0.0818983
0.0997074
0.126709
0.0733716
0.0693544
0.210818
0.131322
0.0605929
0.101084
0.0865731
0.0470592
0.00693814
0.00763975
0.0545641
0.0848219
0.113572
0.0664158
0.0573934
0.0594262
0.261493
0.0437681
0.44341
0.107739
0.0748322
0.148245
1.03315e-008
0.127713
4.26143e-005
0.0693897
0.253368
0.0791224
0.100726
0.0660962
0.0865731
0.09421
