0.376468
0.206506
0.277817
0.273839
0.314761
0.277669
0.463
0.159217
0.731662
0.184142
0.218139
0.269946
0.178976
0.11242
0.0278814
0.0132134
0.194234
0.278705
0.266091
0.229719
0.198994
0.303442
0.295057
0.705971
0.241339
0.261621
0.154355
0.216835
0.213657
0.0877324
0.22502
0.195075
0.191748
0.168607
0.344205
0.273422
0.404111
0.165172
0.227721
0.0285337
0.533075
0.105745
0.410497
0.1517
0.226126
0.166111
0.295243
0.216816
0.318927
0.175131
0.210839
0.212017
0.658866
0.251715
0.190123
0.395643
0.203477
0.237746
0.499163
0.226247
0.351716
0.180712
0.231401
0.258037
0.285804
0.202571
0.311523
0.285848
0.203682
0.289227
0.201513
0.18448
0.121707
0.116326
0.171994
0.137431
0.226653
0.121882
0.253052
0.163732
0.111763
0.193731
0.251437
0.213628
0.317094
0.3333
0.045576
0.222391
0.249834
0.163046
0.256951
0.0382172
0.167882
0.397905
0.151863
0.222454
0.24672
0.217198
0.40508
0.244204
0.186969
0.3623
0.262844
0.156762
0.154215
0.182498
0.17243
0.343544
0.220924
0.209963
0.213485
0.148756
0.241348
0.172717
0.000443345
0.256556
0.198592
0.214869
0.370123
0.0583304
0.258801
0.450454
0.182823
0.185586
0.243611
0.182894
0.189478
0.377576
0.167845
0.353549
0.221946
0.224823
0.0857285
0.257994
0.143084
0.237938
0.277149
0.201251
0.159227
0.217912
0.108344
0.19995
0.1277
0.193576
0.273347
0.235746
0.179415
0.106973
0.376796
0.16917
0.192862
0.253052
0.133332
0.376782
0.310853
0.233041
0.208521
0.256627
0.221199
0.195224
0.182921
0.132329
0.375498
0.131707
0.0743617
0.161461
0.173597
0.220823
0.121967
0.150499
0.195412
0.46638
0.0323325
0.219296
0.134197
0.183527
0.180425
0.207933
0.337829
0.431021
0.156676
0.444243
0.204545
0.230517
0.315721
0.24257
0.347798
0.160472
0.315631
0.230517
0.148629
0.302802
0.392371
0.305328
0.24076
0.191824
0.151197
0.141542
0.242016
0.0886268
0.380109
0.376511
0.317304
0.352624
0.278119
0.298994
0.0996068
0.26861
0.162332
0.246526
0.110076
0.0934673
0.159265
0.196008
0.118205
0.501996
0.218619
0.4643
0.162604
0.0983057
0.180866
0.339383
0.50544
0.119846
0.0848826
0.20617
0.209668
0.3333
0.187048
0.322929
0.194559
0.306367
0.293718
0.230517
0.204669
0.185953
0.139067
0.171067
0.249072
0.171667
0.256404
0.108882
0.180114
0.176943
0.105706
0.221234
0.189822
0.277353
0.213327
0.376212
0.262307
0.0531769
0.239262
0.182578
0.303589
0.119929
0.209848
0.176304
0.188453
0.231342
0.469805
0.277542
0.16164
0.221976
0.61106
0.363739
0.112642
0.393326
0.170726
0.0289477
0.182413
0.193895
0.0580692
0.161918
0.0500886
0.13783
0.431198
0.153597
0.136847
0.181012
0.156531
0.215026
0.162884
0.289341
0.272036
0.159227
0.230517
0.263662
0.153401
0.168089
0.099669
0.213875
0.197556
0.203692
0.249477
0.246621
0.160159
0.106131
0.0642502
0.159894
0.191754
0.215896
0.4737
0.192901
0.0519635
0.254925
0.0239819
0.220164
0.0236007
0.215804
0.230517
0.192867
