0.14848
0.245421
0.325244
0.381784
0.312142
0.00635593
0.4444
0.19999
0.107421
0.199223
0.405876
0.214001
0.17735
0.227092
0.0234659
0.0143707
0.391299
0.165292
0.296065
0.367198
0.679688
0.366936
0.120209
1.50309e-013
0.338923
0.20945
0.259946
0.205174
0.225457
0.329574
0.432483
0.250907
0.283235
0.239548
0.64569
0.325747
0.0635561
0.18631
0.224971
0.0401187
0.247573
0.186122
0.525766
3.42144e-010
0.254367
0.341064
0.250116
0.390375
0.0861892
0.241662
0.306337
0.0230236
0.152915
0.427341
0.247884
0.253288
0.175438
0.328255
0.116893
0.286227
0.417911
0.37612
0.389131
0.141114
0.121234
0.297712
0.583293
0.365595
0.208291
0.265735
0.316439
0.32874
0.183695
0.220138
0.0385451
0.186955
0.243984
0.858009
0.27227
0.277342
0.156476
0.138185
0.435331
0.241006
5.38344e-007
1.06743e-008
0.0311865
0.466745
0.664771
0.258487
0.373342
0.0611555
0.334893
0.0767912
0.0800601
0.2651
0.578307
0.199625
0.139704
0.358779
0.205895
0.6377
0.00669846
0.255233
0.218571
0.104356
0.0947529
0.345704
0.366081
0.580177
0.199296
0.185911
0.59612
0.301122
0.000480147
0.46375
0.255252
0.362054
0.277659
4.06018e-005
0.348194
0.546714
0.457494
0.234321
0.169796
0.268425
0.323442
0.152706
0.291825
0.331069
0.498879
0.373531
0.0448469
0.108443
0.194837
0.378144
0.197178
0.399015
0.172361
0.268921
0.567085
0.282442
0.765889
0.303826
0.217565
0.360949
0.118508
0.0801131
0.495133
0.145371
0.125875
0.27227
0.44766
0.330699
0.288241
0.359387
0.35478
0.4027
0.364845
0.272852
0.292443
0.113597
0.181749
0.205463
0.0985189
0.2213
0.155034
0.183521
0.214497
0.530733
0.0270884
0.471581
0.0763845
0.470206
0.100994
0.411233
0.223779
0.343852
0.539344
0.146369
0.204473
0.118147
0.271683
0.281343
0.295992
0.341541
0.652194
0.382978
0.452176
0.281343
0.0347977
0.313531
0.17021
0.267188
0.409535
0.185967
0.192302
0.203868
0.172424
0.0271791
0.546453
0.0986651
0.403342
0.223993
0.381635
0.0416363
0.375142
0.602103
0.407212
0.353403
0.2106
0.212052
0.147414
0.244843
0.611723
0.125552
0.279758
0.3214
0.175399
0.705269
0.47045
0.244937
0.331449
0.00936127
0.0276175
0.208626
0.307104
1.12579e-008
0.520831
0.0925125
0.336911
0.271528
0.089636
0.281343
0.379062
0.25399
0.0667419
0.21669
0.387385
0.189831
0.339649
0.866635
0.167908
0.255768
0.0960102
0.361133
0.467952
0.239998
0.198039
0.290174
0.279924
0.650027
0.370364
0.310317
0.656477
0.146553
0.0263485
0.162163
0.211449
0.281865
0.183076
0.220197
0.400363
0.276779
0.0278091
0.259081
0.115634
0.112165
0.302636
0.0460789
0.301269
0.323206
0.0786347
0.405559
0.0594221
0.216748
0.171803
0.140948
0.19857
0.2071
0.149892
0.262851
0.156611
0.279497
0.397681
0.235759
0.281343
0.242098
0.0264315
0.744755
0.149356
0.321546
0.250878
0.334496
0.438203
0.376316
0.0220953
0.0646957
0.0186222
0.155312
0.327683
0.226456
1.11085e-007
0.150091
0.817928
0.253095
0.0269651
0.413816
0.000604271
0.291635
0.281343
0.22316
