0.0854308 
0.0643656 
0.0599034 
0.0769664 
0.0715559 
0.0996417 
0.159984 
0.086975 
0.0101609 
0.0998035 
0.0813201 
0.0265053 
0.0758296 
0.0006631 
0.102664 
4.87303e-006 
0.100648 
0.0175942 
0.059338 
0.0509265 
0.133343 
0.00217642 
0.0445359 
0.0873071 
0.112836 
0.10082 
0.15793 
0.0268227 
0.0974777 
0.173143 
0.0872953 
0.108667 
0.246253 
0.090631 
0.16848 
0.190383 
0.0580606 
0.103207 
0.0561604 
0.0637986 
0.0727218 
0.0732557 
0.0388189 
0.00740085 
0.068188 
0.106192 
0.0432161 
0.0887908 
0.0337083 
0.0680128 
0.0544212 
0.0467668 
0.0795569 
0.0471249 
0.000384037 
0.0846494 
0.0868157 
0.0787596 
0.0623858 
0.0794321 
0.122198 
0.0908527 
0.0540716 
0.0828295 
0.0768987 
1.43124e-012 
0.0813257 
0.084803 
0.0278007 
0.0223276 
0.272693 
0.0587416 
0.0927341 
0.0726572 
0.060785 
6.76684e-005 
0.0937955 
0.144406 
0.0659405 
0.0963376 
0.0758662 
0.0714896 
0.0734197 
0.0278256 
0.0886126 
0.120674 
0.118576 
0.0298254 
0.0518354 
0.1569 
0.0723483 
0.083277 
0.1111 
0.12266 
0.150847 
1.22275e-005 
0.389462 
0.0467588 
0.0867287 
0.0792615 
0.0730223 
0.0905433 
0.00047815 
0.0818348 
0.0733005 
0.105774 
0.103278 
0.0990096 
0.125629 
0.0778423 
0.0151181 
0.0823214 
0.0333933 
0.0910177 
0.216023 
0.0776015 
0.0829131 
0.201137 
0.167598 
0.120713 
0.14927 
7.80341e-007 
0.0875399 
0.200487 
0.0796594 
0.0432964 
0.0631453 
0.0291223 
0.0809884 
0.0218761 
0.0758436 
0.0853207 
0.111907 
0.0313082 
0.0229815 
0.628086 
0.030796 
0.0909314 
0.0347382 
0.165742 
0.11631 
0.0515309 
0.106751 
0.1006 
0.0940001 
0.0401903 
0.105672 
0.0293625 
0.0324912 
0.108716 
0.132354 
0.0363054 
3.93922e-011 
0.0855448 
0.069492 
0.0879377 
0.0441241 
0.0229599 
0.0481059 
0.0702501 
0.0583538 
0.0130195 
0.0588572 
0.0556603 
0.0852017 
4.20566e-006 
0.0335001 
0.0441181 
0.107486 
0.0884349 
0.0771958 
0.0600104 
0.0935181 
0.0934209 
0.0730788 
0.00120652 
0.0166182 
0.00571125 
0.186632 
0.064388 
0.0680663 
0.0564377 
0.0410133 
0.0296985 
0.0657822 
0.0661527 
0.0950286 
0.0585927 
0.0577107 
0.126188 
0.0684218 
0.064388 
0.039237 
0.0755122 
0.058173 
0.0865731 
0.0657732 
0.0548626 
0.0620862 
0.0988118 
0.132043 
0.0796405 
0.16125 
0.110734 
0.0286629 
0.272673 
0.104985 
9.67591e-010 
0.0777588 
0.0497129 
0.0698623 
0.0465047 
0.140014 
0.0529712 
0.0813937 
1.16367e-009 
0.164441 
0.0719555 
0.125553 
0.0591598 
0.162437 
4.0103e-011 
0.00586068 
4.13654e-006 
0.175397 
0.00376972 
0.149765 
0.0401022 
0.00290968 
0.0714556 
0.0324562 
0.233124 
0.092712 
0.033316 
0.0541707 
0.117094 
0.0714556 
0.0894186 
0.0604075 
0.00751863 
0.0759805 
0.12407 
0.0688684 
0.0722012 
0.19272 
0.129667 
0.0847727 
0.0939174 
0.0917967 
0.0829856 
0.0331908 
0.00159078 
2.2439e-005 
0.0957801 
0.0126702 
0.236635 
0.039496 
0.0962088 
0.264574 
0.0405359 
0.0817226 
0.0388189 
0.0257889 
0.112503 
0.0688511 
0.0865731 
0.000984191 
0.0425881 
0.0488007 
5.21538e-006 
0.113752 
0.0953671 
0.044643 
0.0278098 
0.11551 
0.0356552 
0.0367477 
0.0888069 
0.000162845 
0.0735383 
0.000233325 
0.0200904 
0.0317947 
0.0940241 
0.105377 
0.507503 
0.0664875 
0.0650637 
0.141934 
0.0899426 
0.0580152 
0.0136178 
0.0499632 
0.0208422 
0.114739 
0.163478 
0.0765963 
0.0765454 
0.00286126 
0.0882854 
0.199656 
0.0990823 
0.00029223 
0.0465206 
0.055353 
0.0994257 
0.0542553 
0.083577 
0.147508 
0.208973 
0.0546096 
