0.0772358 
0.0270695 
0.0291057 
0.0406015 
0.0498455 
0.0600171 
0.0775071 
0.0869449 
0.0461262 
0.0648675 
0.0440831 
0.0442088 
0.115948 
0.00157453 
0.0709663 
2.73407e-006 
0.0470108 
0.00959037 
0.0326073 
0.157663 
0.124414 
0.000768713 
0.0297313 
0.108102 
0.0215632 
0.0569174 
0.103614 
0.0206783 
0.0958429 
0.0440727 
0.0419209 
0.0804115 
0.162288 
0.0663045 
0.08844 
0.00226512 
0.0279449 
0.0587706 
0.0350714 
0.0253007 
0.0563551 
0.0283777 
0.0261851 
0.00426558 
0.0428129 
0.00434318 
0.0177929 
0.012516 
0.025492 
0.0262432 
0.0280791 
0.0261417 
0.0189107 
0.0278258 
0.000260282 
0.165347 
0.0415051 
0.328898 
0.20762 
0.0252694 
0.079827 
0.0534412 
0.049394 
0.11309 
0.0222663 
6.69867e-013 
0.211455 
0.0432498 
0.263898 
0.0085018 
0.181795 
0.0540647 
0.0601835 
0.0495782 
0.0484731 
0.0204308 
0.0358569 
0.00582972 
0.04874 
0.0414472 
0.031349 
0.0213969 
0.0267469 
1.16209e-005 
0.0583118 
0.0566247 
0.0266175 
0.00368529 
0.00571069 
0.0588002 
0.0308866 
0.17093 
5.06402e-010 
0.0746961 
0.148209 
5.33023e-006 
0.0757184 
0.0273915 
0.151141 
0.0356618 
0.0373284 
0.0352525 
0.000227599 
0.0487401 
0.0730117 
0.0885693 
0.00131883 
0.0397605 
0.0486787 
0.0509359 
0.124681 
0.0399246 
0.270789 
0.0474645 
0.11066 
0.00655173 
0.119821 
0.067175 
0.0945673 
0.0686152 
0.0863131 
3.84824e-007 
0.0209489 
0.130838 
0.0311629 
0.013357 
0.0347544 
0.124785 
0.0432076 
0.0541386 
0.0573543 
0.0671023 
0.0385394 
0.00485891 
0.00714714 
8.23994e-006 
0.0163584 
0.0341233 
0.027389 
0.0942011 
0.0574325 
0.213638 
0.0549395 
0.0640176 
0.0622166 
0.0200918 
0.0762437 
0.0196067 
0.0209845 
0.0130105 
0.0335195 
0.022187 
2.44901e-013 
0.0681848 
0.041916 
0.0688905 
0.0132084 
0.0169931 
0.0203022 
0.0400733 
0.0361285 
0.00551342 
0.0450586 
0.0363766 
0.0212113 
0.0212987 
0.0130766 
3.8716e-005 
0.00621658 
0.0775583 
0.0499765 
0.0132791 
0.0419466 
0.0181171 
0.0499486 
0.00101134 
0.0122266 
0.00301604 
0.14911 
0.045944 
0.0363158 
0.035563 
0.0820468 
0.148881 
0.0281623 
0.0346902 
0.0569805 
0.0398747 
0.0535519 
0.0323638 
0.0414414 
0.045944 
0.0112741 
0.0564644 
0.0375812 
0.0529492 
0.0466682 
0.0280834 
0.0882031 
0.0564552 
0.0347607 
0.0478614 
0.0758045 
0.0712498 
0.0263623 
0.217178 
0.0379179 
5.08775e-010 
0.0423626 
0.0235163 
0.0447782 
1.1777e-009 
0.103459 
0.0335421 
0.0335556 
3.85995e-010 
0.0832849 
0.0167055 
0.0827052 
0.0455591 
0.160808 
0.147381 
0.00425613 
0.149912 
0.0882615 
0.00139803 
0.0737428 
0.0224974 
0.00280584 
0.0431004 
0.0209723 
0.0593951 
0.0407995 
0.0138716 
0.0323321 
0.052496 
0.0431004 
0.0723213 
0.0443098 
0.00473609 
0.0489405 
0.0292168 
0.0181336 
0.0343618 
0.0242737 
0.000377781 
0.0335691 
0.0614669 
0.0595996 
0.0283617 
0.000172105 
0.277082 
1.29003e-005 
0.0550926 
0.0077886 
0.0313744 
0.106243 
0.0833993 
0.116588 
0.0370366 
0.0262631 
0.0261851 
0.0429323 
0.0693982 
0.0345296 
0.0529492 
0.00214252 
0.0242583 
0.0304379 
3.29373e-006 
0.0681901 
0.0452143 
0.0255681 
0.263864 
0.0466727 
0.0140349 
0.0117698 
0.0777257 
0.000112541 
0.0434199 
0.00012966 
0.00883658 
0.027826 
0.0390818 
0.0271184 
0.0589137 
0.0394722 
0.0359441 
0.021073 
0.113906 
0.038598 
0.00723124 
0.0297343 
0.0248785 
1.80482e-005 
0.0125406 
0.0552359 
0.0424506 
0.000244956 
0.0440931 
0.0614102 
0.036916 
0.00012121 
0.0183805 
0.039864 
0.0916414 
0.0183293 
0.0305921 
0.133517 
0.0801487 
0.0240238 
