0.226463 
0.236632 
0.293994 
0.190406 
0.15787 
0.0989167 
0.342847 
0.0436572 
0.244094 
0.268897 
0.154481 
0.24785 
0.0929296 
0.00287414 
0.205393 
1.04526e-005 
0.139394 
0.0949337 
0.232593 
0.127928 
0.222289 
0.0989357 
0.0454037 
0.15603 
0.253099 
0.191609 
0.216795 
0.0292125 
0.206691 
0.231406 
0.127882 
0.242873 
0.212334 
0.0923658 
0.278151 
0.00848186 
0.0652743 
0.124558 
0.32373 
0.344131 
0.20816 
0.308124 
0.272602 
0.0168192 
0.0988374 
0.486683 
0.143673 
0.147168 
0.139164 
0.382624 
0.185044 
0.0931531 
0.273216 
0.145108 
0.0323226 
0.173076 
0.296204 
0.0581585 
0.123986 
0.0334984 
0.132743 
0.14143 
0.189301 
0.227675 
0.416294 
0.4328 
0.0990146 
0.184087 
0.319399 
0.111365 
7.08701e-006 
0.246661 
0.273454 
0.0900495 
0.19867 
0.475588 
0.256429 
0.271002 
0.124661 
0.141956 
0.106335 
0.205424 
0.0439933 
0.140624 
0.158507 
0.207526 
0.091965 
0.242934 
0.14938 
0.1961 
0.0914499 
0.206439 
1.40741e-009 
0.193987 
0.183237 
0.0314777 
0.225385 
0.159707 
0.168326 
0.11229 
0.180812 
0.105915 
0.355438 
0.135228 
0.0801758 
0.239298 
0.28716 
0.14809 
0.462494 
0.21373 
0.0371698 
0.171643 
0.371006 
0.205012 
0.302236 
0.613615 
0.116208 
0.616786 
0.211196 
0.172949 
0.293126 
0.0704082 
0.346773 
0.294928 
0.266709 
0.311346 
0.246069 
0.06325 
0.202937 
0.232895 
0.205947 
0.173466 
0.42394 
0.0596785 
0.0705073 
2.06511e-005 
0.302613 
0.194934 
0.0887818 
0.197523 
0.251191 
0.133943 
0.217373 
0.219447 
0.183298 
0.123316 
0.135233 
0.0707969 
0.0630182 
0.163282 
0.217744 
0.518908 
0.0331 
0.17376 
0.130006 
0.202823 
0.257954 
0.121022 
0.231071 
0.118357 
0.123005 
0.0166435 
0.0878711 
0.129342 
0.232559 
0.0637986 
0.141699 
0.13217 
0.102569 
0.11316 
0.0992318 
0.0637234 
0.225142 
0.12987 
0.202563 
0.001629 
0.0315594 
0.319939 
0.23054 
0.0968801 
0.189753 
0.0978147 
0.108779 
0.0944682 
0.262515 
0.128329 
0.15676 
0.116083 
0.175908 
0.168002 
0.135864 
0.0968801 
0.061793 
0.10516 
0.305153 
0.157176 
0.122872 
0.12212 
0.163121 
0.183686 
0.276733 
0.142634 
0.224412 
0.218568 
0.211744 
0.217178 
0.203132 
1.63932e-009 
0.137102 
0.151573 
0.17924 
0.39534 
0.332224 
0.189436 
0.155492 
4.21605e-009 
0.189408 
0.382993 
0.130261 
0.16131 
0.0534377 
8.29643e-011 
0.0109665 
9.70232e-006 
0.288497 
0.199088 
0.22978 
0.051076 
0.259103 
0.133679 
0.0887281 
0.148765 
0.22572 
0.0493651 
0.155822 
0.212099 
0.133679 
0.253703 
0.0971873 
0.155306 
0.0971747 
0.142244 
0.211301 
0.158829 
0.272723 
0.569724 
0.254658 
0.129388 
0.185078 
0.0824327 
0.635984 
0.00412501 
3.93376e-005 
0.24388 
0.461595 
0.134779 
0.15612 
0.113841 
0.121088 
0.144084 
0.0932614 
0.272602 
0.218586 
0.258186 
0.118781 
0.157176 
0.00368728 
0.0496213 
0.132944 
6.89157e-005 
0.133649 
0.18085 
0.13014 
0.319374 
0.397368 
0.0859744 
0.452281 
0.113692 
0.000236779 
0.228951 
0.205497 
0.0318793 
0.345858 
0.204947 
0.215828 
0.11883 
0.156825 
0.132944 
0.52843 
0.201341 
0.1265 
0.20488 
0.0934335 
0.128262 
0.196763 
0.220907 
0.095063 
0.100897 
0.00325109 
0.247155 
0.249648 
0.251708 
0.000441597 
0.103322 
0.135972 
0.170119 
0.127646 
0.27566 
0.0232525 
0.312398 
0.13912 
