0.24171 
0.250291 
0.177199 
0.225595 
0.217831 
0.327702 
0.0499036 
0.52153 
0.176438 
0.134562 
0.313441 
0.0265053 
0.0555816 
0.000411074 
0.253713 
0.738569 
0.325331 
0.529034 
0.226197 
0.219781 
0.217681 
0.540822 
0.505997 
0.159992 
0.258559 
0.219275 
0.0880468 
0.273559 
0.000372282 
0.0587498 
0.26549 
0.0307158 
0.00218831 
0.366885 
0.0750776 
0.0201911 
0.4828 
0.320892 
0.124985 
0.0192642 
0.315563 
0.214015 
0.291884 
0.795653 
0.468845 
0.0756521 
0.24165 
0.328968 
0.126109 
0.188008 
0.26292 
0.504549 
0.37522 
0.408794 
0.519567 
0.145762 
0.154152 
0.0701881 
0.21708 
0.0704835 
0.294296 
0.27227 
0.156297 
0.195854 
0.188943 
0.5672 
0.219771 
0.250298 
0.2222 
0.404763 
0.109105 
0.222241 
0.17189 
0.362127 
0.342652 
0.0114942 
0.03274 
0.0254573 
0.386133 
0.321678 
0.380238 
0.363094 
0.217165 
0.730767 
0.272178 
0.0670013 
0.250022 
0.053745 
0.496617 
0.098 
0.462454 
0.087507 
0.2222 
0.2326 
0.13144 
0.520771 
0.114034 
0.439957 
0.173014 
0.353166 
0.326573 
0.322591 
0.000264495 
0.307023 
0.299631 
0.21803 
0.00468983 
0.270919 
0.0912853 
0.235756 
0.140365 
0.225306 
0.0823784 
0.220401 
0.0259999 
0.0916973 
0.277826 
0.0057225 
0.16929 
0.273962 
0.149943 
0.0563078 
0.129545 
0.0845529 
0.190107 
0.417499 
0.255393 
0.131382 
0.202564 
0.141746 
0.243135 
0.317363 
0.0412392 
0.492674 
0.0271784 
6.51048e-005 
0.0625597 
0.216665 
0.477469 
0.118988 
0.203145 
0.105971 
0.191908 
0.148691 
0.209268 
0.350216 
0.217368 
0.195713 
0.438154 
0.427947 
0.267023 
0.0759446 
0.4967 
0.184108 
0.392212 
0.260974 
0.0500654 
0.501885 
0.373665 
0.358785 
0.444731 
0.632233 
0.447277 
0.35381 
0.320728 
0.765889 
0.536286 
0.362324 
0.285404 
0.380194 
0.35024 
0.441667 
0.270576 
0.428387 
0.245151 
0.52366 
0.803632 
0.313523 
0.0807429 
0.462195 
0.208435 
0.468199 
0.378924 
0.0493384 
0.177291 
0.366768 
0.280509 
0.405671 
0.236214 
0.184856 
0.365772 
0.462195 
0.503325 
0.388384 
0.108436 
0.281343 
0.319912 
0.408446 
0.153188 
0.179181 
0.202588 
0.335695 
0.175521 
0.217667 
0.23674 
1.78547e-013 
0.251289 
1 
0.358347 
0.409811 
0.332331 
4.00833e-009 
0.0523869 
0.286552 
0.314142 
1 
0.174982 
0.229362 
0.266221 
0.270249 
0.140657 
0.0634347 
0.860996 
0.224608 
0.118612 
0.510022 
0.177487 
0.593657 
0.0332542 
0.366731 
0.525066 
0.147758 
0.195282 
0.554708 
0.39231 
0.0239882 
0.366731 
0.148384 
0.485618 
0.171646 
0.362051 
0.389728 
0.14055 
0.301901 
0.194201 
0.000494441 
0.229582 
0.243693 
0.205722 
0.379135 
0.108814 
0.130937 
0.833165 
0.236485 
0.315389 
0.282181 
0.25628 
0.31912 
3.0799e-008 
0.220549 
0.356164 
0.291884 
0.157103 
0.184664 
0.402602 
0.281343 
0.000675369 
0.592834 
0.440961 
0.548328 
0.278877 
0.241674 
0.470287 
0.222209 
0.0631684 
0.484742 
0.0611165 
0.168708 
0.825669 
0.172381 
0.519606 
0.376496 
0.141961 
0.326141 
0.302653 
0.0144658 
0.363504 
0.448668 
0.011759 
0.214955 
0.405918 
0.201067 
0.509394 
0.279288 
0.000398623 
0.0792984 
0.362101 
0.348579 
0.725734 
0.267861 
0.214112 
0.226924 
0.593651 
0.521168 
0.294934 
0.27017 
0.42325 
0.205983 
0.478343 
0.0946119 
0.380694 
