0.185611 
0.141393 
0.179888 
0.280708 
0.31406 
0.174819 
0.271486 
0.108699 
0.0265763 
0.224675 
0.189411 
0.557612 
0.425575 
0.784758 
0.200831 
1.90078e-005 
0.151029 
0.177327 
0.183504 
0.132772 
0.137934 
0.0803689 
0.118117 
0.296602 
0.148641 
0.234837 
0.319606 
0.0464799 
0.586543 
0.461201 
0.270755 
0.502457 
0.375337 
0.168279 
0.298708 
0.162457 
0.14234 
0.19732 
0.308934 
0.19592 
0.198282 
0.186884 
0.208388 
0.0180709 
0.111956 
0.117156 
0.115621 
0.211657 
0.11359 
0.153622 
0.250663 
0.144165 
0.121983 
0.147201 
0.0113967 
0.246341 
0.219712 
0.419183 
0.186942 
0.311857 
0.140709 
0.188955 
0.394681 
0.199504 
0.159183 
4.41794e-012 
0.132308 
0.271411 
0.0417021 
0.0645661 
0.236401 
0.123201 
0.231364 
0.162561 
0.173244 
0.21805 
0.513582 
0.427029 
0.124631 
0.159347 
0.140411 
0.139561 
0.0953856 
0.0539348 
0.205333 
0.450777 
0.152771 
0.645964 
0.145195 
0.2418 
0.111044 
0.235097 
0.4815 
0.213104 
0.216613 
0.0104396 
0.125743 
0.120612 
0.172616 
0.127058 
0.202927 
0.142624 
0.503564 
0.180283 
0.11455 
0.163299 
0.578158 
0.253006 
0.172136 
0.200549 
0.225016 
0.220241 
0.11844 
0.232869 
0.215257 
0.182453 
0.202169 
0.107678 
0.208723 
0.17185 
0.205197 
1.68115e-006 
0.216338 
0.114108 
0.290215 
0.0595225 
0.203306 
0.362224 
0.154254 
0.063473 
0.198165 
0.184759 
0.260181 
0.097714 
0.657654 
0.179495 
0.433201 
0.273885 
0.112368 
0.323595 
0.21041 
0.196272 
0.254162 
0.298722 
0.242186 
0.152401 
0.208588 
0.401722 
0.0856082 
0.0504641 
0.173272 
0.0694016 
0.0927 
0.30531 
0.160232 
0.195497 
0.156708 
0.112748 
0.146751 
0.179677 
0.160646 
0.0273482 
0.134097 
0.250072 
0.153259 
0.0213088 
0.0641222 
0.1538 
0.257517 
0.136156 
0.177092 
0.075887 
0.194899 
0.105564 
0.244622 
0.00277615 
0.0516598 
0.0133534 
0.222573 
0.121131 
0.375931 
0.120652 
0.148204 
0.450551 
0.269081 
0.176057 
0.233728 
0.122353 
0.194986 
0.126137 
0.203007 
0.121131 
0.117818 
0.150915 
0.347572 
0.191442 
0.129169 
0.122099 
0.144329 
0.291637 
0.18774 
0.166033 
0.217548 
0.209599 
0.26081 
0.217178 
0.185927 
3.11222e-009 
0.129481 
0.141495 
0.204605 
0.50005 
0.314094 
0.256425 
0.260569 
2.13127e-009 
0.193735 
0.162981 
0.16474 
0.218385 
0.316368 
8.85374e-011 
0.0154064 
6.25662e-006 
0.230102 
0.121682 
0.206723 
0.131131 
0.488496 
0.16476 
0.0905499 
0.302617 
0.26801 
0.0819536 
0.174694 
0.408359 
0.16476 
0.32418 
0.102271 
0.479052 
0.17342 
0.163293 
0.426393 
0.234077 
0.0900902 
0.086238 
0.231364 
0.236423 
0.255121 
0.129652 
0.144495 
0.118668 
4.02041e-005 
0.212204 
0.0585955 
0.0706341 
0.130815 
0.15883 
0.39906 
0.350002 
0.136131 
0.208388 
0.0506986 
0.197789 
0.157811 
0.191442 
0.782441 
0.127579 
0.0955761 
3.74876e-005 
0.129952 
0.245406 
0.103763 
0.0417311 
0.248595 
0.0824986 
0.301741 
0.255006 
0.00019329 
0.280234 
0.123453 
0.038565 
0.152827 
0.179544 
0.163952 
0.14389 
0.16283 
0.143519 
0.106116 
0.18173 
0.116951 
0.138551 
0.102846 
0.0987223 
0.475026 
0.345352 
0.175256 
0.215889 
0.263851 
0.190779 
0.204416 
0.221655 
0.0293723 
0.108908 
0.26094 
0.156359 
0.190795 
0.234136 
0.167171 
0.185209 
0.125833 
