0.183549 
0.28025 
0.25991 
0.185723 
0.188838 
0.238904 
0.0982722 
0.152194 
0.496605 
0.207195 
0.217265 
0.0973195 
0.234136 
0.209719 
0.166432 
0.261394 
0.236586 
0.17152 
0.26576 
0.31093 
0.164339 
0.276929 
0.256215 
0.191967 
0.205301 
0.196541 
0.114008 
0.603248 
0.0130729 
0.0314276 
0.206657 
0.0348763 
0.00159963 
0.215535 
0.0911445 
0.616222 
0.223581 
0.195252 
0.151119 
0.351586 
0.148918 
0.189344 
0.162122 
0.157791 
0.209361 
0.209973 
0.438047 
0.2109 
0.561936 
0.18149 
0.218872 
0.185224 
0.131114 
0.223947 
0.436069 
0.184825 
0.201612 
0.0448135 
0.201986 
0.479459 
0.230227 
0.253052 
0.156256 
0.181048 
0.136415 
2.79141e-012 
0.256126 
0.166152 
0.125001 
0.388477 
0.199999 
0.295091 
0.170373 
0.263027 
0.176176 
0.274369 
0.0675961 
0.126277 
0.249894 
0.239234 
0.2658 
0.199034 
0.543289 
0.0468364 
0.217058 
0.0973964 
0.360049 
0.0238471 
0.151262 
0.248399 
0.231818 
0.21675 
0.1852 
0.162953 
0.169655 
0.437294 
0.0696585 
0.205574 
0.248174 
0.292562 
0.179337 
0.303074 
0.140027 
0.246892 
0.359331 
0.18503 
0.0253954 
0.189215 
0.0997772 
0.221187 
0.45765 
0.260564 
0.123994 
0.203236 
0.129825 
0.0280812 
0.201062 
0.00150174 
0.148625 
0.19191 
0.116151 
0.873281 
0.198855 
0.175085 
0.142146 
0.154978 
0.197334 
0.289236 
0.316048 
0.48587 
0.219555 
0.171989 
0.124193 
0.313767 
0.214532 
0.192325 
0.154472 
0.189461 
0.259254 
0.0999507 
0.161512 
0.298646 
0.174867 
0.168522 
0.209032 
0.313785 
0.256896 
0.282799 
0.359744 
0.23658 
0.176086 
0.277253 
0.3775 
0.183092 
0.206142 
0.183878 
0.477941 
0.224391 
0.180105 
0.232858 
0.177136 
0.305243 
0.226839 
0.174739 
0.187041 
0.1277 
0.211316 
0.30755 
0.240807 
0.204497 
0.246264 
0.345433 
0.173919 
0.224642 
0.184638 
0.469717 
0.0843044 
0.344457 
0.130402 
0.209462 
0.121498 
0.221334 
0.241033 
0.227063 
0.197169 
0.228003 
0.176994 
0.257425 
0.28163 
0.362455 
0.185494 
0.209462 
0.266553 
0.223564 
0.143085 
0.230517 
0.315606 
0.264389 
0.389073 
0.190229 
0.166136 
0.228136 
0.145464 
0.172182 
0.235681 
0.0757924 
0.21675 
3.78867e-009 
0.254949 
0.223892 
0.169184 
0.0581058 
0.0578209 
0.181073 
0.154848 
2.12063e-009 
0.194149 
0.136003 
0.230519 
0.245338 
0.166293 
0.789185 
0.102514 
0.62546 
0.0991317 
0.164039 
0.162502 
0.161536 
0.213431 
0.220274 
0.242227 
0.108341 
0.177477 
0.266785 
0.190671 
0.185963 
0.220274 
0.111993 
0.210206 
0.181742 
0.242433 
0.151449 
0.134754 
0.198631 
0.225992 
0.213499 
0.166053 
0.235113 
0.202683 
0.297433 
0.077344 
0.467596 
0.16672 
0.156559 
0.143962 
0.244396 
0.311045 
0.228601 
0.0986901 
0.207792 
0.306458 
0.162122 
0.504891 
0.17746 
0.217425 
0.230517 
0.210069 
0.163119 
0.25128 
0.451557 
0.27558 
0.191488 
0.2256 
0.125012 
0.128685 
0.297095 
0.136343 
0.296061 
0.173625 
0.201475 
0.151081 
0.524132 
0.299734 
0.156262 
0.185072 
0.156399 
0.210882 
0.173861 
0.190688 
0.198125 
0.254017 
0.434653 
0.214629 
0.448006 
0.213056 
0.178424 
0.235747 
0.215639 
0.00405768 
0.161827 
0.0707589 
0.163715 
0.376122 
0.2017 
0.212937 
0.212285 
0.185725 
0.170051 
0.0502092 
0.118659 
0.275719 
