0.139415
0.166697
0.195046
0.337833
0.471409
0.106532
0.4444
0.194111
0.163577
0.354184
0
0.191057
0.31391
0.32951
0.128204
0.135236
0.274343
0.196587
0.213151
0.537848
0.222256
0.35274
0.308162
0
0.471409
0.150935
0.20418
0.226906
0.182903
0.60124
0.251688
0.188065
0.218824
0.186339
0.379599
0.39337
0.141752
0.253847
0.188395
0.310396
0.471409
0.130201
0.308311
0.0992438
0.181701
0.27987
0.247315
0.361347
0.157326
0.17411
0.180654
0.269872
0.152915
0.542914
0.158563
0.521501
0.3291
0.363444
0.471409
0.327209
0.246532
0.276292
0.189719
0.282055
0.453392
0.224829
0.593713
0.319313
0.272242
0.181701
0.244198
0.24681
0.258329
0.246617
0.1446
0.366983
0.164099
0.46864
0.366594
0.304038
0.334766
0.113022
0.373764
0.247496
0
0
0.120565
0.501765
0.518893
0.212715
0.461591
0.0357
0.253008
0.152708
0.203117
0.206135
0.428939
0.181701
0.221068
0.471409
0.272242
0.575094
0.104771
0.152395
0.166697
0.247705
0.403775
0.336455
0.17978
0.438757
0.272242
0.272242
0.432492
0.423957
0.148769
0.25426
0.195365
0.39284
0.364345
0.0665849
0
0.248691
0.269461
0.1455
0.272242
0.166697
0.283028
0.267651
0.202864
0.272242
0.528939
0.23263
0.164077
0.156648
0.341254
0.471409
0.272242
0.38165
0.241628
0.196727
0.319548
0.237663
0.716465
0.268096
0.293865
0.471409
0.278021
0.182376
0.222115
0.12466
0.272242
0.366594
0.336327
0.22466
0.181701
0.369476
0.261556
0.372154
0.242397
0.206816
0.254559
0.163347
0.336815
0.165698
0.227988
0.287579
0.181309
0.471409
0.316259
0.237663
0.182474
0.293727
0.295746
0.186179
0.203712
0.410491
0.17978
0
0.373689
0.39284
0.167381
0.286361
0.166697
0.176208
0.205151
0.471409
0.613537
0.389639
0.338371
0.176208
0.325557
0.267363
0.40086
0.200744
0
0.351109
0.147508
0.179568
0.272242
0.127286
0.25828
0.0909
0.325288
0.165712
0.319313
0.254256
0.207804
0.408305
0.293176
0.337221
0.322116
0.320309
0.217414
0.17978
0.574665
0.310155
0
0.3214
0.272242
0.580239
0.528742
0.412967
0.266975
0.195054
0.116606
0.272242
0.320648
0.0441015
0.401219
0.318372
0.337455
0.376923
0.218241
0.176208
0
0.185335
0.177892
0.166697
0.471409
0.39603
0.336455
0.433247
0.336867
0.2528
0.20418
0.362593
0.288786
0.182903
0.272242
0.451498
0.350744
0.436781
0.471409
0.2711
0.236553
0.165399
0.148451
0.177481
0.192058
0.210522
0.174466
0.361083
0.388485
0.192721
0.0522415
0.179964
0.272242
0.169734
0.25676
0.293865
0.214437
0.222866
0.142725
0.266392
0.492641
0.166697
0.274008
0.153
0.154444
0.182903
0.140881
0.193667
0.392846
0.395214
0.33738
0.208528
0.176208
0.477135
0.136375
0.465537
0.168258
0.204992
0.17978
0.23147
0
0.240574
0.149635
0.138723
0.0972556
0.272242
0.291362
0.1521
0.133556
0.272242
0.483434
0.17978
0.183891
0.471409
0.0860873
0.195093
0.176208
0.263345
