0.126616
0.144194
0.119106
0.102614
0.0616412
0.104022
0
0.110228
0.0436549
0.0699017
0.079608
0.155761
0.0771026
0.114508
0.126826
0.170508
0.130608
0.135243
0.126289
0.0345337
0.149473
0.0781276
0.0742749
0.117612
0.0616412
0.1317
0.145079
0.0828771
0.158212
0.0344232
0.114025
0.140432
0.120207
0.154813
0.0941881
0.039802
0.0579509
0.107538
0.180125
0.109869
0.0616412
0.116703
0.0909721
0.177918
0.157695
0.11133
0.116016
0.0559211
0.135082
0.160927
0.118006
0.101232
0
0.0199005
0.134797
0.0513684
0.0865188
0.0899075
0.0616412
0.0864434
0.124241
0.122636
0.158218
0.0978745
0.072601
0.108523
0.0246934
0.103649
0.0932031
0.157695
0.128103
0.13058
0.0639572
0.134084
0.175118
0.0616449
0.143187
0.0922804
0.0877581
0.112465
0.0683968
0.131011
0.0881431
0.119105
0.0366
0
0.140868
0.0311198
0.0440292
0.143186
0.0513675
0.236467
0.133987
0.102969
0.104983
0.12227
0.0676837
0.157695
0.112133
0.0616412
0.0932031
0.0252936
0.102804
0.153152
0.162153
0.133023
0.071981
0.0962977
0.15687
0.0704545
0.0932031
0.0932031
0.0712188
0.111369
0.109007
0.0992031
0.128431
0.0968183
0.0497303
0.0522265
0.079608
0.12045
0.142431
0.132735
0.0932031
0.144194
0.105384
0.122536
0.134293
0.0932031
0.0528887
0.143187
0.142812
0.102384
0.0824037
0.0616412
0.0932031
0.0865426
0.121396
0.144316
0.114722
0.110022
0.00514057
0.126072
0.039802
0.0616412
0.0770934
0.0657863
0.120449
0.0985236
0.0932031
0.0877581
0.0517215
0.129437
0.157695
0.0859553
0.106755
0.0881431
0.132657
0.144194
0.124423
0.170207
0.102614
0.161659
0.136966
0.0972677
0.0618031
0.0616412
0.100119
0.110022
0.106802
0.110299
0.0537519
0.148222
0.105057
0.0566159
0.15687
0.079608
0.0837846
0.0907015
0.146967
0.0782033
0.151007
0.155335
0.108539
0.0616412
0.00948389
0.039804
0.0985236
0.155335
0.0825844
0.039802
0.0699017
0.122747
0.079608
0.0699017
0.0804914
0.104411
0.0932031
0.175555
0.140119
0.0519
0.0291019
0.143186
0.103649
0.128478
0.124827
0.0809841
0.101834
0.0963357
0.0667697
0.0664822
0.124404
0.15687
0.0261718
0.0803389
0.079608
0
0.0932031
0.042297
0.0513675
0.0888289
0.0664876
0.12496
0.109172
0.0932031
0.108898
0.00667503
0.105168
0.0413372
0.0886649
0.0786909
0.109404
0.155335
0.079608
0.142392
0.133352
0.144194
0.0616412
0.0866261
0.0962977
0.0997427
0.0891941
0.0909998
0.150554
0.0904883
0.132165
0.158212
0.0932031
0.019901
0.232478
0.051185
0.0616412
0.133041
0.124357
0.117785
0.0700817
0.148156
0.148789
0.103631
0.0453731
0.0512667
0.0710051
0.116951
0.112002
0.132458
0.0932031
0.150615
0.109751
0.039802
0.149796
0.143807
0.154992
0.112193
0.0596002
0.162153
0.0877014
0.105983
0.155018
0.158212
0.139895
0.113914
0.10692
0.0439429
0.0774953
0.171013
0.155335
0.0458149
0.0805747
0.0731335
0.150487
0.122488
0.15687
0.143807
0.079608
0.129437
0.179885
0.124939
0.252111
0.0932031
0.114336
0.196304
0.0301025
0.0932031
0.0836636
0.15687
0.163713
0.0616412
0.0877665
0.144458
0.155335
0.116062
