0.257349
0.277451
0.241051
0.197445
0.153983
0.271752
0.0926
0.282242
0.0823413
0.325308
0.769977
0.284507
0.39708
0.194068
0.382204
0.386236
0.241349
0.248309
0.256384
0.133892
0.276607
0.187028
0.182786
0.0588059
0.153983
0.273547
0.307783
0.352009
0.304424
0.168102
0.245425
0.300254
0.221715
0.310675
0.179584
0.384969
0.284631
0.350979
0.281849
0.207307
0.153983
0.440203
0.191693
0.169054
0.307482
0.259097
0.256411
0.232245
0.287153
0.303554
0.261825
0.221
0
0.19248
0.268486
0.128321
0.207732
0.190171
0.153983
0.185114
0.20968
0.233825
0.280407
0.254218
0.165888
0.210285
0.0625348
0.230175
0.38708
0.307482
0.262699
0.243931
0.299312
0.243112
0.343961
0.218553
0.297407
0.183923
0.190993
0.213003
0.143383
0.300887
0.208934
0.248813
0.3902
0.6667
0.331077
0.0813883
0.126745
0.292276
0.128319
0.3995
0.280682
0.308688
0.279956
0.276276
0.163684
0.307482
0.273307
0.153983
0.38708
0.0562612
0.273709
0.428595
0.332527
0.271465
0.168568
0.168597
0.312372
0.167442
0.38708
0.38708
0.164928
0.161653
0.386185
0.199595
0.320277
0.144736
0.182791
0.346191
0.769977
0.246138
0.215273
0.34179
0.38708
0.277451
0.213039
0.267007
0.269201
0.38708
0.219651
0.285126
0.306584
0.290482
0.235884
0.153983
0.38708
0.155925
0.28458
0.226476
0.192295
0.206747
0.109394
0.22124
0.433222
0.153983
0.268856
0.321148
0.279203
0.266329
0.38708
0.190993
0.32387
0.249058
0.307482
0.180433
0.228816
0.202908
0.255168
0.315905
0.267356
0.285251
0.16989
0.335147
0.286607
0.252913
0.450923
0.153983
0.186262
0.206747
0.318547
0.231608
0.385553
0.287958
0.22407
0.175823
0.312372
0.769977
0.146689
0.164836
0.324301
0.158239
0.295623
0.321464
0.209296
0.153983
0.0393873
0.417442
0.18785
0.321464
0.231661
0.40972
0.290307
0.257971
0.769977
0.314433
0.30006
0.323884
0.38708
0.338318
0.209919
0.2468
0.374592
0.299663
0.230175
0.250513
0.336209
0.140579
0.242526
0.167228
0.289498
0.29246
0.283691
0.312372
0.137088
0.140657
0.769977
0
0.38708
0.117899
0.128319
0.195304
0.21495
0.227396
0.3898
0.38708
0.162434
0.614377
0.203764
0.128924
0.179456
0.147458
0.313566
0.321464
0.769977
0.282726
0.266526
0.277451
0.153983
0.165502
0.168597
0.196248
0.170413
0.242856
0.296757
0.189948
0.259233
0.304424
0.38708
0.20871
0.0934291
0.229591
0.153983
0.205197
0.277387
0.296036
0.176402
0.310022
0.260438
0.200316
0.192089
0.164
0.131051
0.230847
0.0483442
0.254869
0.38708
0.223859
0.223199
0.433222
0.290662
0.280402
0.309057
0.249646
0.194678
0.332527
0.186138
0.3125
0.332619
0.304424
0.303386
0.277104
0.128321
0.160571
0.199073
0.249058
0.321464
0.177631
0.260412
0.195074
0.314308
0.265717
0.312372
0.280402
0.769977
0.296344
0.296848
0.361301
0.254071
0.38708
0.219737
0.307016
0.0674836
0.38708
0.177939
0.312372
0.234486
0.153983
0.588108
0.287095
0.321464
0.298226
