0.160805
0.114714
0.135994
0.204355
0.193364
0.199302
0.463
0.150898
0.527113
0.154304
0
0.13922
0.0924697
0.103006
0.130425
0.093064
0.139685
0.188727
0.178973
0.169644
0.126554
0.123588
0.150651
0.705971
0.193364
0.159952
0.0893022
0.186705
0.125866
0.122426
0.179035
0.110074
0.134645
0.128477
0.210634
0.106655
0.320113
0.172402
0.117888
0.119193
0.193364
0.111902
0.204254
0.151705
0.125039
0.13025
0.131956
0.233445
0.124511
0.118769
0.127892
0.180293
0.658866
0.207105
0.107965
0.196223
0.148746
0.115387
0.193364
0.129856
0.196164
0.125782
0.118829
0.203202
0.189146
0.169685
0.245651
0.171509
0.119071
0.125039
0.127807
0.123385
0.11763
0.134342
0.131764
0.0965751
0.132586
0.121687
0.113985
0.144593
0.134598
0.14571
0.180126
0.138595
0.3171
0.3333
0.0810003
0.242668
0.197646
0.121508
0.259054
0.0699
0.1152
0.205954
0.159436
0.135821
0.142756
0.125039
0.219689
0.193364
0.119071
0.302071
0.201072
0.0868033
0.114714
0.121122
0.173222
0.214751
0.123717
0.128096
0.119071
0.119071
0.135557
0.196687
0.115253
0.202054
0.119197
0.20027
0.233651
0.175002
0
0.19957
0.118083
0.103597
0.119071
0.114714
0.173708
0.179675
0.164053
0.119071
0.125658
0.131618
0.13635
0.1588
0.169201
0.193364
0.119071
0.210613
0.134694
0.194567
0.124672
0.176333
0.119442
0.139383
0.0833542
0.193364
0.102054
0.109574
0.168826
0.133846
0.119071
0.113985
0.150357
0.209824
0.125039
0.135014
0.190064
0.17164
0.137391
0.121403
0.117607
0.0714429
0.152634
0.114027
0.146018
0.178472
0.153858
0.193364
0.198253
0.176333
0.177203
0.205109
0.119338
0.155281
0.161319
0.224698
0.123717
0
0.235834
0.17612
0.121447
0.192692
0.139709
0.121259
0.218148
0.193364
0.324526
0.0779078
0.230695
0.121259
0.151054
0.20791
0.142629
0.22904
0
0.130978
0.113325
0.0657006
0.119071
0.100221
0.156265
0.3896
0.128575
0.161385
0.171509
0.18093
0.0948485
0.215474
0.171703
0.21524
0.152919
0.152272
0.128211
0.123717
0.0961014
0.270434
0
0.4643
0.119071
0.14897
0.191903
0.152671
0.275755
0.16985
0.108807
0.119071
0.204663
0.305894
0.138076
0.189141
0.210697
0.241777
0.155321
0.121259
0
0.113532
0.16221
0.114714
0.193364
0.152077
0.214751
0.126648
0.158359
0.155029
0.0893022
0.115766
0.124077
0.125866
0.119071
0.232287
0.189839
0.0815027
0.193364
0.129235
0.138366
0.131225
0.209343
0.145382
0.149716
0.187145
0.236595
0.215333
0.17199
0.141728
0.487794
0.221677
0.119071
0.222462
0.118518
0.0833542
0.125996
0.127933
0.109384
0.164501
0.124546
0.114714
0.289635
0.0625667
0.111634
0.125866
0.113841
0.137726
0.177806
0.221714
0.127709
0.102975
0.121259
0.134802
0.14511
0.13127
0.135302
0.181389
0.123717
0.13298
0
0.128437
0.132181
0.115532
0.0787909
0.119071
0.142213
0.146098
0.367072
0.119071
0.0912254
0.123717
0.136359
0.193364
0.0596831
0.144356
0.121259
0.099442
