0.23274
0.205515
0.275212
0.119228
0.0777016
0.244398
0
0.237612
0.0329403
0.078902
0.150415
0.185691
0.0913364
0.233628
0.156717
0.163851
0.15305
0.185168
0.183453
0.116588
0.175034
0.222695
0.260335
0.117612
0.0777016
0.240593
0.166329
0.134103
0.183828
0.0586401
0.177489
0.211684
0.257598
0.176383
0.109283
0.0752038
0.177967
0.0624842
0.171274
0.179636
0.0777016
0.1662
0.166747
0.207368
0.183608
0.172801
0.195912
0.0631213
0.245194
0.188975
0.257908
0.204156
0
0.0376009
0.294575
0.0647522
0.198082
0.212292
0.0777016
0.238322
0.184753
0.206685
0.20747
0.119707
0.0791011
0.25616
0.0420557
0.138723
0.105204
0.183608
0.183757
0.201625
0.247491
0.187257
0.161883
0.228101
0.222555
0.107444
0.212907
0.193952
0.302551
0.255075
0.117728
0.2124
0.1707
0
0.267813
0.1111
0.0827583
0.19015
0.0647511
0.193733
0.185323
0.167227
0.204382
0.207396
0.173653
0.183608
0.142003
0.0777016
0.105204
0.034079
0.243376
0.112577
0.177118
0.159103
0.152741
0.157462
0.183257
0.172683
0.105204
0.105204
0.171167
0.0714179
0.19561
0.2186
0.201115
0.097585
0.145167
0.351883
0.150415
0.150992
0.186547
0.239602
0.105204
0.205515
0.18895
0.122658
0.176698
0.105204
0.0596984
0.167273
0.203856
0.239864
0.146547
0.0777016
0.105204
0.141511
0.171342
0.163741
0.185643
0.242696
0.0296354
0.19386
0.149757
0.0777016
0.19596
0.310797
0.175248
0.3487
0.105204
0.212907
0.128606
0.150395
0.183608
0.201499
0.180173
0.13385
0.194766
0.17088
0.190863
0.158466
0.189547
0.176958
0.158048
0.170603
0.152108
0.0777016
0.175251
0.242696
0.184174
0.127976
0.120252
0.181391
0.282183
0.132372
0.183257
0.150415
0.137001
0.103135
0.193926
0.262561
0.203894
0.182605
0.229829
0.0777016
0.010705
0.0752075
0.116619
0.182605
0.184486
0.0752038
0.078902
0.151541
0.150415
0.116178
0.334565
0.297996
0.105204
0.181414
0.168587
0.2208
0.142443
0.181812
0.138723
0.14959
0.189257
0.132383
0.163259
0.157478
0.152855
0.15277
0.195442
0.183257
0.163745
0.176359
0.150415
0.0357
0.105204
0.0818435
0.0647511
0.118742
0.14746
0.231054
0.234975
0.105204
0.164553
0.0289526
0.121898
0.322226
0.156589
0.102116
0.164912
0.182605
0.150415
0.219028
0.214204
0.205515
0.0777016
0.17564
0.157462
0.115892
0.194938
0.225702
0.146654
0.212126
0.158465
0.183828
0.105204
0.0376019
0.108086
0.20094
0.0777016
0.203489
0.17858
0.243484
0.379334
0.170961
0.18172
0.256238
0.257616
0.17855
0.185864
0.27164
0.294387
0.153904
0.105204
0.157002
0.248102
0.149757
0.177698
0.184435
0.242505
0.175235
0.0919151
0.177118
0.136913
0.306717
0.208483
0.183828
0.266572
0.222521
0.120304
0.153043
0.224081
0.193698
0.182605
0.154674
0.354639
0.114245
0.190462
0.190753
0.183257
0.170784
0.150415
0.168582
0.174289
0.222283
0.232348
0.105204
0.190025
0.157426
0.340257
0.105204
0.140011
0.183257
0.205356
0.0777016
0.121524
0.188028
0.182605
0.153063
