0.0830744
0.0914291
0.0335909
0.0385254
0.0419008
0.0739943
0
0.0249098
0.150374
0.0174004
0
0.0437636
0.0281009
0.0252801
0.0756245
0.0511041
0.0609652
0.0459661
0.0417504
0.00749469
0.050075
0.035821
0.0237918
0
0.0419008
0.0432732
0.0873272
0.0174004
0.0447681
0.0151679
0.0323379
0.0494911
0.0470103
0.043313
0.026712
0
0.0175858
0.0527506
0.0604694
0.0735987
0.0419008
0.0347909
0.0380235
0.194712
0.044474
0.0466517
0.0523902
0.0539211
0.0507348
0.0536657
0.0537154
0.0234464
0.188219
0
0.0356139
0.0378346
0.0298213
0.0287992
0.0419008
0.0330551
0.0386295
0.03478
0.0453578
0.0429438
0.039872
0.0305183
0.0313515
0.0366309
0.0232008
0.044474
0.0534357
0.0536678
0.0132812
0.0545883
0.0426741
0.0281424
0.0401657
0.0260254
0.0277629
0.0319476
0.0163052
0.0542949
0.0313058
0.0335907
0.0854
0
0.0586778
0.0319597
0.029929
0.0401654
0.0349172
0.0647
0.0318004
0.0624536
0.0481265
0.0521028
0.0232847
0.044474
0.0318012
0.0419008
0.0232008
0.00720095
0.0742688
0.0664778
0.0467911
0.0675814
0.0297133
0.0264366
0.0440038
0.022568
0.0232008
0.0232008
0.024638
0.0349172
0.0451752
0.0262887
0.0356146
0.0677511
0.0243165
0.00811289
0
0.0341599
0.0682058
0.0367763
0.0232008
0.0914291
0.0358897
0.0404723
0.0528913
0.0232008
0.0131654
0.0401657
0.0463212
0.0518224
0.0247114
0.0419008
0.0232008
0.0237586
0.04636
0.0741723
0.0631199
0.0265395
0.0199226
0.0513487
0
0.0419008
0.0780165
0.0103181
0.0341596
0.0279416
0.0232008
0.0277629
0.00911791
0.0366261
0.044474
0.0276225
0.0326372
0.0313058
0.0376218
0.0408015
0.0451917
0.151286
0.0485006
0.0465107
0.0443726
0.0131654
0
0.0419008
0.023856
0.0265395
0.0308004
0.031281
0.0253592
0.0409688
0.0236606
0
0.0440038
0
0.0230014
0.0723679
0.0459776
0.0219438
0.0430698
0.0431295
0.0290359
0.0419008
0.0023608
0
0.0279416
0.0431295
0.0246572
0
0.0174004
0.0379576
0
0.0174004
0.0240507
0.0284407
0.0232008
0.0772054
0.0668299
0
0
0.0482421
0.0366309
0.036234
0.0470537
0.0222744
0.0275017
0.0264968
0.0158427
0.0157078
0.0508386
0.0440038
0.0022286
0.0220555
0
0.1786
0.0232008
0.0287515
0.0349172
0.0314861
0.0283729
0.0516856
0.0406398
0.0232008
0.0388044
0
0.0298748
0
0.0271389
0.0530359
0.038556
0.0431295
0
0.0569871
0.0458158
0.0914291
0.0419008
0.0241253
0.0264366
0.0282235
0.0502291
0.032613
0.112553
0.0290792
0.037274
0.0447681
0.0232008
0.0500025
0.0254233
0
0.0419008
0.0579388
0.0447578
0.0460706
0.0163879
0.0479978
0.0672783
0.0421482
0.0938619
0.0297667
0.0516047
0.0461129
0.00523064
0.0571285
0.0232008
0.0763281
0.0436707
0
0.0414114
0.0405571
0.0413368
0.032033
0.0366195
0.0467911
0.0256042
0.0592333
0.0378024
0.0447681
0.0354261
0.0550666
0.0738025
0.0255143
0.0342611
0.0747281
0.0431295
0.009943
0.0228886
0.0207409
0.0411835
0.0346597
0.0440038
0.0405571
0
0.0366261
0.067161
0.0372219
0.085423
0.0232008
0.0423258
0.0410562
0.0615292
0.0232008
0.0237272
0.0440038
0.0761939
0.0419008
0.0568313
0.0409688
0.0431295
0.0698614
