0.128447
0.139807
0.120851
0.151011
0.0847814
0.0513675
0.137678
0.117738
0.129435
0.118206
0.0522379
0.0265053
0.0909666
0.0440151
0.153366
0.0531535
0.0962419
0.074952
0.144194
0.133276
0.157131
0.0708722
0.0795852
0.0932031
0.121897
0.0932031
0.131778
0.0371927
0.0927396
0.122896
0.0616412
0.107676
0.133694
0.102485
0.160921
0.079608
0.115945
0.104565
0.0932031
0.132857
0.110507
0.118652
0.179159
0.101879
0.162653
0.072675
0.079608
0.110483
0.0616412
0.0907663
0.119775
0.157695
0.110181
0.114887
0.0265342
0.140888
0.0932031
0.148574
0.0793918
0.164693
0.11887
0.0877581
0.0762269
0.103122
0.0932031
0
0.0625688
0.134047
0.0503691
0.112465
0.200729
0.0496266
0.132779
0.0616412
0.0559222
0.0128761
0.101943
0.134312
0.15687
0.0962419
0.0942273
0.119767
0.115828
0.0964588
0.15687
0.0932031
0.0962977
0.0502181
0.0256
0.151684
0.0496266
0.103258
0.10802
0.158212
0.14465
0.112132
0.19728
0.0699017
0.0937563
0.0981093
0.122698
0.0565763
0.0773133
0.0794378
0.0367839
0.162153
0.134855
0.109788
0.191833
0.129482
0.0334741
0.122746
0.0778039
0.130888
0.204296
0.0771843
0.0702345
0.141476
0.180047
0.158212
0.148581
0.06568
0.0534509
0.1308
0.148376
0.105615
0.121423
0.0784917
0.131701
0.0809661
0.132212
0.111405
0.0827284
0.0476868
0.0920886
0.6282
0.0522168
0.137282
0.104501
0.130215
0.153426
0.0491702
0.0932031
0.146084
0.0932031
0.112258
0.157695
0.102002
0.0522168
0.10552
0.0866261
0.119958
0
0.0636158
0.143187
0.140703
0.0672145
0.0744192
0.079608
0.0767351
0.05165
0.0367839
0.0922033
0.0616412
0.108918
0.00514057
0.100057
0.0644549
0.118108
0.161979
0.0616412
0.0528887
0.079608
0.039802
0.114025
0.0513675
0.104503
0.119901
0.161227
0.16224
0.0639572
0.143807
0.0878441
0.0448043
0.141103
0.080926
0.157695
0.157695
0.0838618
0.104467
0.0864626
0.16224
0.0992031
0.144194
0.119966
0.155335
0.15687
0.0985365
0.122637
0.145079
0.136973
0.157695
0.157695
0.135399
0.0440286
0.272673
0.157695
0
0.129437
0.0963515
0.110219
0.0465047
0.134251
0.132165
0.129278
0.0490148
0.0513684
0.0690071
0.119239
0.117589
0.155605
0
0.0661185
0.00416255
0.177674
0.0265342
0.15687
0.0734551
0.0146468
0.15687
0.0965286
0.0815297
0.0873017
0.0242198
0.119106
0.0699017
0.15687
0.100789
0.14001
0.0846745
0.0616412
0.079608
0.050491
0.143187
0.0866261
0.158055
0.158823
0.143807
0.0932031
0.0334666
0.0521888
0.0242198
0.0527928
0.136361
0.113065
0.0866261
0.0935663
0.157695
0.264574
0.107306
0.0559211
0.179159
0.0187715
0.079608
0.143807
0.155335
0.0746207
0.0806224
0.113914
0.0372883
0.113407
0.137947
0.0893392
0.0886545
0.114943
0.0452283
0.10837
0.132458
0.0653095
0.0932031
0.123018
0.0809841
0.122289
0.144651
0.085581
0.17327
0.147814
0.132456
0.168072
0.140066
0.104483
0.0842817
0.0533516
0.0877357
0.101114
0.105255
0.0616412
0.112133
0.109594
0.119853
0.116283
0.13291
0.010496
0.0559211
0.0513667
0.158565
0.0411008
0.145281
0.104112
0.161512
0.119901
