0.0507551
0.0348017
0.0343298
0.0405571
0.0486611
0.0682511
0.0547675
0.0449843
0.0442093
0.03566
0.0239148
0.0442088
0.079157
0.0269444
0.0669783
0.0203018
0.0263483
0.0242577
0.0408015
0.0546891
0.133003
0.0200309
0.0383285
0.0232008
0.0365055
0.0232008
0.0582515
0.0252819
0.0523715
0.0406245
0.0419008
0.0517137
0.0552508
0.0704678
0.0690454
0
0.0580058
0.0550595
0.0232008
0.0339276
0.0567407
0.0388809
0.0655533
0.0289404
0.0790576
0.0170471
0
0.025092
0.0419008
0.0445273
0.0325562
0.044474
0.0328384
0.0350895
0
0.0498617
0.0232008
0.042746
0.106231
0.0305734
0.0647457
0.0277629
0.0174004
0.0588612
0.0232008
0
0.180173
0.0356075
0.1824
0.0319476
0.0955176
0.0446952
0.057076
0.0419008
0.0139206
0.00727126
0.0383789
0.0383391
0.0440038
0.0263483
0.0341862
0.0524042
0.0429597
0.0188562
0.0440038
0.0232008
0.0264366
0.0292515
0
0.0586861
0.0272546
0.0636577
0.00263365
0.0447681
0.0410902
0.0318009
0.0348785
0.0174004
0.0391872
0.034673
0.0343292
0.0159361
0.0231381
0.0253247
0
0.0467911
0.0276395
0.0260028
0.1135
0.0434707
0.0365983
0.0380254
0.0871294
0.0805171
0.1118
0.0231591
0.0466174
0.0441067
0.0666776
0.0447681
0.0411832
0.018627
0.0116002
0.0638695
0.0397054
0.0284731
0.0330582
0.0633166
0.0402169
0.0340007
0.052493
0.0419833
0.0246915
0
0.027508
0
0.0129982
0.0397054
0.0309377
0.0723532
0.0409688
0.106364
0.0232008
0.041773
0.0232008
0.0579962
0.044474
0
0.0129982
0.0307335
0.0241253
0.0455273
0
0.0131654
0.0401657
0.0497114
0.0277355
0.0317403
0
0.0245798
0.0126167
0
0.0260036
0.0419008
0.0431305
0.0199226
0.0309793
0.0209172
0.0302011
0.0775668
0.0419008
0.0131654
0
0
0.0488615
0.0349172
0.0446799
0.0339276
0.104758
0.078143
0.0132812
0.0405571
0.0863727
0.095635
0.0372743
0.0260063
0.044474
0.044474
0.033195
0.0768894
0.0264729
0.078143
0.0242117
0.0408015
0.0455268
0.0431295
0.0440038
0.034927
0.0525519
0.0873272
0.041605
0.044474
0.044474
0.051307
0.0299286
0.217178
0.044474
0
0.0366261
0.0334135
0.0390076
0
0.0434804
0.037274
0.038503
0.0139407
0.0378346
0.0233692
0.074985
0.0460628
0.0844052
0.147385
0.0187514
0.110124
0.0945463
0
0.0440038
0.0356039
0
0.0440038
0.0296876
0.0625866
0.0256805
0
0.0335909
0.0174004
0.0440038
0.0493969
0.0670464
0.0302807
0.0419008
0
0.0187353
0.0401657
0.0241253
0.0267322
0.0451163
0.0405571
0.0232008
0.00833074
0.0104618
0.163713
0.0149384
0.0468873
0.0556759
0.0241253
0.0300752
0.044474
0.116588
0.0492509
0.0139203
0.0655533
0.0220334
0
0.0405571
0.0431295
0.0408024
0.0390779
0.0350895
0.0286015
0.0610587
0.0398859
0.0317767
0.100496
0.0443219
0.0112585
0.0522587
0.0439024
0.0347382
0.0232008
0.0339276
0.0222744
0.0637857
0.0410906
0.0195266
0.0903909
0.0432257
0.0374803
0.0491419
0.0957643
0.0371092
0.0559411
0.0223871
0.0335322
0.0202431
0
0.0419008
0.0345089
0.0329873
0.0456242
0.0327829
0.0378021
0
0.0139203
0.0349167
0.0449696
0.00485874
0.0376224
0.0897146
0.0640014
0.0339276
