0.316156
0.580629
0.316303
0.298818
0.303054
0.128319
0.391403
0.230187
0.29452
0.410811
0.218326
0.24785
0.190526
0.185305
0.267851
0.104302
0.170607
0.184566
0.330063
0.298704
0.257451
0.391247
0.198662
0.38708
0.267692
0.38708
0.343534
0.0929094
0.238476
0.3173
0.153983
0.268338
0.206019
0.152769
0.352301
0.769977
0.149312
0.188738
0.38708
0.324188
0.220461
0.302204
0.475124
0.205635
0.247744
0.29177
0.769977
0.171487
0.153983
0.230593
0.288103
0.307482
0.301333
0.264526
0.267076
0.296737
0.38708
0.310237
0.273616
0.180897
0.211866
0.190993
0.334608
0.304066
0.38708
0.4328
0.256642
0.285259
0.298922
0.214904
0.190642
0.234431
0.309257
0.153983
0.273231
0.295555
0.229239
0.288804
0.312372
0.170607
0.207576
0.219153
0.188345
0.350959
0.312372
0.38708
0.168597
0.181769
0.18302
0.226711
0.113393
0.204954
0.0253149
0.304424
0.277627
0.235876
0.226906
0.325408
0.218601
0.221897
0.258314
0.11575
0.357056
0.18503
0.158686
0.332527
0.313002
0.206643
0.256633
0.290337
0.0783365
0.252979
0.385044
0.38001
0.302925
0.283069
0.153669
0.494764
0.302178
0.304424
0.285436
0.166472
0.207237
0.281417
0.330904
0.252635
0.338149
0.199764
0.289266
0.23668
0.288728
0.299283
0.230372
0.147344
0.246561
0
0.385725
0.293282
0.211864
0.253949
0.320288
0.122733
0.38708
0.307884
0.38708
0.195041
0.307482
0.302827
0.21686
0.227798
0.165502
0.344697
0.0331
0.298287
0.285126
0.298164
0.153085
0.171654
0.769977
0.162309
0.271317
0.158686
0.202314
0.153983
0.245516
0.109394
0.259186
0.118451
0.214441
0.243522
0.153983
0.219651
0.769977
0.454973
0.305754
0.128319
0.233552
0.326539
0.329755
0.245153
0.299312
0.280402
0.130945
0.186076
0.320792
0.18467
0.307482
0.307482
0.198037
0.178814
0.193482
0.245153
0.187471
0.277451
0.313029
0.321464
0.312372
0.216648
0.27202
0.307783
0.293011
0.307482
0.307482
0.304094
0.197514
0.217178
0.307482
0
0.27452
0.220377
0.236351
0.39534
0.263909
0.257703
0.238145
0.0923593
0.128321
0.2185
0.211896
0.260505
0.224884
0
0.142312
0.0402607
0.317798
0.325144
0.312372
0.188547
0.25448
0.312372
0.187053
0.133202
0.271465
0.234256
0.232239
0.290307
0.312372
0.369836
0.210493
0.246698
0.153983
0.769977
0.156462
0.285126
0.165502
0.326678
0.300803
0.29341
0.38708
0.138989
0.475903
0.234256
0.101582
0.299858
0.310009
0.165502
0.180733
0.307482
0.121088
0.260833
0.240945
0.475124
0.324645
0.769977
0.280402
0.321464
0.135679
0.197528
0.246544
0.0449127
0.202746
0.280774
0.197571
0.256126
0.255096
0.210548
0.311267
0.266329
0.113738
0.38708
0.275703
0.140579
0.250712
0.273962
0.175439
0.208948
0.303089
0.262933
0.310788
0.274643
0.228154
0.184404
0.24885
0.211123
0.221502
0.299634
0.153983
0.213798
0.224133
0.239661
0.21824
0.254886
0.101519
0.232245
0.144717
0.302328
0.108078
0.327941
0.0695356
0.29022
0.274511
