0.179924
0
0.15291
0.165698
0.0855047
0.432841
0.129909
0.322616
0.179953
0.255052
0.511954
0.0265053
0.192936
0.111403
0.191837
0.517544
0.33533
0.405345
0.166697
0.176566
0.151469
0.301905
0.385056
0.272242
0.217206
0.272242
0.20418
0.400387
0.0904824
0.115126
0.471409
0.158205
0.192108
0.39284
0.159364
0
0.314451
0.303811
0.272242
0.139468
0.297911
0.204601
0.106555
0.367386
0.202554
0.275688
0
0.317178
0.471409
0.259361
0.178759
0.181701
0.231657
0.267269
0.435848
0.189473
0.272242
0.219922
0.248794
0.201355
0.285822
0.366594
0.229506
0.283346
0.272242
0.5672
0.289276
0.203778
0.243342
0.282492
0.156158
0.378542
0.150297
0.471409
0.439198
0.390118
0.259521
0.154523
0.17978
0.33533
0.288625
0.263257
0.179252
0.271084
0.17978
0.272242
0.336455
0.336282
0.6007
0.120045
0.605536
0.250458
0.220953
0.182903
0.197215
0.284951
0.265079
0.366459
0.181614
0.323509
0.254828
0.393939
0.0782324
0.390121
0.431774
0.166697
0.0998673
0.23796
0.08
0.176839
0.435122
0.183994
0.223911
0
0.089972
0.312411
0.401957
0.19217
0.137238
0.182903
0.187153
0.109085
0.436774
0.180625
0.153707
0.274965
0.185757
0.223979
0.163218
0.309459
0.178944
0.1794
0.32712
0.40795
0.104175
0
0.152523
0.17329
0.323501
0.189342
0.167381
0.197334
0.272242
0.150935
0.272242
0.323995
0.181701
0.289018
0.397773
0.293691
0.39603
0.163167
0.4967
0.258166
0.242512
0.188902
0.350707
0.412354
0
0.426793
0.412867
0.431774
0.352579
0.471409
0.23391
0.716465
0.333431
0.423613
0.215996
0.207521
0.471409
0.467517
0
0.300015
0.202005
0.480558
0.323603
0.204609
0.149435
0.205601
0.258329
0.226468
0.388663
0.291116
0.152286
0.387681
0.181701
0.181701
0.301729
0.235534
0.337354
0.205601
0.289439
0.2553
0.1586
0.176208
0.17978
0.35542
0.207911
0.20418
0.21291
0.181701
0.181701
0.183881
0.346086
0
0.181701
1
0.258761
0.327844
0.309246
0
0.188019
0.215161
0.266562
0.748723
0.521501
0.368
0.251397
0.223047
0.158076
0.0631937
0.480121
0.230426
0.140154
0.364612
0.17978
0.399321
0.323698
0.17978
0.40069
0.398706
0.368987
0.48919
0.322889
0.40086
0.17978
0.156841
0.292395
0.209469
0.471409
0
0.372104
0.229237
0.39603
0.188736
0.184325
0.169706
0.272242
0.562851
0.167113
0
0.616272
0.17817
0.207189
0.39603
0.358943
0.181701
0
0.213048
0.47721
0.106555
0.240579
0
0.244426
0.176208
0.233709
0.38094
0.29419
0.479966
0.257896
0.191122
0.392007
0.224074
0.26369
0.446846
0.137232
0.153129
0.53576
0.272242
0.241871
0.338437
0.224521
0.225797
0.377705
0.170249
0.195053
0.283027
0.200157
0.154124
0.318347
0.371047
0.483329
0.314384
0.241218
0.174965
0.471409
0.300844
0.303662
0.247468
0.359853
0.218784
0.515857
0.52069
0.403767
0.183726
0.51461
0.153708
0.521875
0.14857
0.266627
