0.181969
0.157808
0.191883
0.220281
0.349804
0.0647511
0.196736
0.145455
0.150392
0.0895224
0.0425656
0.557612
0.266892
0.454487
0.210527
0.125995
0.157439
0.190179
0.191534
0.230206
0.192675
0.104012
0.144172
0.105204
0.178822
0.105204
0.172954
0.0468831
0.479758
0.26527
0.0777016
0.321043
0.281439
0.106968
0.160061
0.150415
0.210705
0.175275
0.105204
0.172255
0.177659
0.162891
0.132607
0.148791
0.19634
0.163454
0.150415
0.219557
0.0777016
0.161402
0.238353
0.183608
0.215246
0.184191
0.0536018
0.212142
0.105204
0.162635
0.138295
0.218026
0.13359
0.212907
0.252956
0.109182
0.105204
0
0.050135
0.222008
0.0830802
0.130356
0.203344
0.0575559
0.209448
0.0777016
0.0631225
0.161408
0.242136
0.233937
0.183257
0.157439
0.171941
0.187878
0.176106
0.158117
0.183257
0.105204
0.157462
0.265104
0.05912
0.227506
0.0540697
0.201633
0.462531
0.183828
0.184774
0.142174
0.155199
0.078902
0.32634
0.137631
0.197259
0.166164
0.334642
0.189547
0.19042
0.177118
0.339219
0.242588
0.152067
0.213252
0.227981
0.211682
0.10653
0.301514
0.191515
0.20775
0.211204
0.0879552
0.189549
0.183828
0.181553
0.0762064
0.180453
0.184311
0.208525
0.169876
0.198826
0.247516
0.163675
0.118074
0.209343
0.231277
0.183898
0.125829
0.38869
0.1795
0.248913
0.228207
0.139632
0.206572
0.188544
0.317423
0.105204
0.234215
0.105204
0.148787
0.183608
0.166657
0.0589399
0.151498
0.17564
0.176672
0.0927
0.249152
0.167273
0.211956
0.135006
0.181325
0.150415
0.181189
0.1324
0.19042
0.143692
0.0777016
0.198019
0.0296354
0.131097
0.143282
0.249501
0.195022
0.0777016
0.0596984
0.150415
0.0752038
0.201983
0.0647511
0.177192
0.139314
0.151574
0.195532
0.247491
0.167438
0.111173
0.26176
0.21851
0.18971
0.183608
0.183608
0.210546
0.245616
0.225196
0.195532
0.2186
0.16754
0.249185
0.182605
0.183257
0.131719
0.207887
0.166329
0.186172
0.183608
0.183608
0.199502
0.165443
0.217178
0.183608
0
0.150395
0.153411
0.179427
0.50005
0.168782
0.222895
0.203971
0.0567674
0.0647522
0.14033
0.153505
0.188868
0.220957
0
0.102918
0.00786492
0.183882
0.0912364
0.183257
0.146285
0.254597
0.183257
0.117549
0.108816
0.111482
0.045762
0.152756
0.078902
0.183257
0.254539
0.168572
0.282126
0.0777016
0.150415
0.267119
0.170588
0.17564
0.156026
0.184088
0.210469
0.105204
0.0377756
0.186654
0.455009
0.0613405
0.231134
0.189323
0.17564
0.224317
0.183608
0.39906
0.237296
0.0631213
0.132607
0.0354677
0.150415
0.167438
0.182605
0.326402
0.14601
0.140926
0.0856018
0.132455
0.234269
0.119253
0.176834
0.188334
0.0612879
0.252204
0.241904
0.0726632
0.105204
0.171499
0.132383
0.170019
0.184883
0.171881
0.18761
0.18078
0.161236
0.17275
0.193665
0.139552
0.253445
0.0693274
0.132698
0.232736
0.268471
0.0777016
0.199687
0.212563
0.197589
0.148469
0.229184
0.0450082
0.0631213
0.154917
0.183978
0.159398
0.211844
0.11705
0.21161
0.158298
