0.142749
0.0869543
0.183723
0.123635
0.128194
0.254471
0.0895071
0.13902
0.201491
0.090749
0.151001
0.0973195
0.179523
0.177846
0.10944
0.178704
0.214034
0.1207
0.126711
0.106559
0.108272
0.111933
0.154197
0.119071
0.177877
0.119071
0.0893022
0.397346
0.0461729
0.138785
0.193364
0.0930243
0.13149
0.17447
0.0983072
0
0.151581
0.172552
0.119071
0.197305
0.136721
0.172771
0.0410021
0.147368
0.111652
0.179366
0
0.156203
0.193364
0.213351
0.142454
0.125039
0.108744
0.134037
0.216941
0.110898
0.119071
0.115886
0.153672
0.204456
0.185106
0.113985
0.0893022
0.141423
0.119071
0
0.161205
0.119301
0.141887
0.227836
0.15361
0.23515
0.141142
0.193364
0.154606
0.132771
0.128782
0.150085
0.123717
0.214034
0.203445
0.157541
0.29751
0.104525
0.123717
0.119071
0.214751
0.137375
0.13156
0.215368
0.15012
0.176039
0.180547
0.125866
0.154644
0.193067
0.120658
0.141929
0.140502
0.184181
0.132572
0.251635
0.129618
0.130539
0.182336
0.114714
0.0854169
0.177019
0.205967
0.14662
0.188488
0.190574
0.119581
0.107071
0.0994923
0.0964268
0.116319
0.0395276
0.124311
0.125866
0.156094
0.563929
0.110485
0.158978
0.118781
0.168436
0.122788
0.186933
0.211923
0.22082
0.13828
0.136652
0.15119
0.27119
0.140978
0.1923
0.147624
0.128234
0.189564
0.14757
0.129392
0.206976
0.119071
0.11911
0.119071
0.161923
0.125039
0.139497
0.261212
0.19076
0.152077
0.149979
0.3775
0.117613
0.121736
0.110563
0.266252
0.128508
0
0.128395
0.11915
0.182336
0.183209
0.193364
0.170507
0.119442
0.14525
0.229282
0.171753
0.11439
0.193364
0.187079
0
0.130007
0.127371
0.240087
0.116471
0.175709
0.10325
0.113331
0.11763
0.141329
0.195003
0.12061
0.130035
0.131007
0.125039
0.125039
0.172631
0.158679
0.131033
0.113331
0.181075
0.114714
0.113693
0.121259
0.123717
0.162749
0.136991
0.0893022
0.129329
0.125039
0.125039
0.125818
0.217
0.0757924
0.125039
0
0.150261
0.168603
0.12575
0.0581058
0.201559
0.134801
0.12354
0.0391944
0.196223
0.180794
0.188979
0.163928
0.156073
0.789421
0.18978
0.607162
0.0859461
0.192473
0.123717
0.156788
0.152578
0.123717
0.168492
0.21516
0.135083
0.206572
0.139418
0.142629
0.123717
0.0685977
0.121484
0.146752
0.193364
0
0.135088
0.131696
0.152077
0.143773
0.126845
0.142051
0.119071
0.218587
0.10768
0.122802
0.153074
0.10759
0.124738
0.152077
0.112366
0.125039
0.0986901
0.132268
0.148883
0.0410021
0.358504
0
0.123371
0.121259
0.188787
0.155821
0.169337
0.32363
0.232437
0.116002
0.170053
0.153815
0.133615
0.224832
0.138669
0.162278
0.177792
0.119071
0.153982
0.285342
0.168673
0.129616
0.169867
0.169532
0.130038
0.122867
0.0990913
0.141738
0.172355
0.050881
0.122755
0.220527
0.183185
0.151675
0.193364
0.13903
0.11706
0.149804
0.124372
0.126434
0.32712
0.114102
0.210317
0.126432
0.171955
0.123602
0.0977125
0.124087
0.146735
